"Temp"
30
35
36
33
34
36
34
25
30
32
38
39
36
42
41
40
39
38
42
40
35
42
34
34
30
34
36
39
29
35
35
39
37
38
35
38
40
40
35
37
38
36
38
42
42
34
40
40
43
44
45
42
41
32
34
42
39
42
44
43
42
45
48
49
45
52
44
44
38
38
43
47
47
38
44
50
53
55
34
40
50
50
40
43
52
44
45
51
59
63
59
41
46
56
61
57
44
48
55
58
60
63
65
61
63
65
54
58
59
59
65
55
45
55
58
62
60
64
66
45
46
47
50
60
67
69
65
60
64
66
65
58
59
64
57
65
70
69
65
66
72
74
72
66
63
71
73
72
72
73
75
75
75
75
78
84
87
84
82
84
85
81
78
70
72
75
79
79
80
82
82
82
82
83
74
79
74
74
75
69
75
75
78
77
78
80
80
76
73
76
79
81
76
84
84
83
81
82
86
84
87
83
78
76
73
71
67
73
78
73
76
76
72
74
77
77
80
72
78
76
71
79
81
83
78
82
83
72
74
80
78
80
79
81
78
74
70
72
73
72
71
77
75
77
77
73
75
79
80
75
76
71
73
70
73
74
75
76
77
75
76
77
75
73
73
66
67
70
72
71
74
74
76
73
74
65
66
65
66
68
67
63
61
60
62
63
62
63
63
62
64
62
62
58
53
53
54
58
46
50
46
52
58
59
55
52
55
56
54
55
56
54
52
41
43
42
41
42
44
43
48
42
45
51
51
47
38
47
34
29
35
37
32
30
36
42
43
45
45
44
45
41
42
45
49
42
45
43
48
44
35
36
46
49
46
47
45
40
40
39
39
40
35
37
22
